FID IID PAT MAT SEX Y_norma Fev BMI_group Age_group rs141 rs912 rs573 rs414 rs635 rs356 rs877 rs168 rs449 rs580
1 1 0 0 2 -0.931247 33.4851924 0 1 1 1 0 1 1 1 1 0 0 1
2 2 0 0 2 -0.668747 12.73359849 0 1 0 0 1 0 0 0 0 0 0 1
3 6 0 0 1 1.60529 99.77275245 0 1 0 0 0 0 2 1 1 0 0 1
7 8 0 0 2 -0.360854 68.04121593 0 1 0 0 1 0 1 1 1 0 0 1
8 10 0 0 2 2.22167 98.23579692 0 0 0 0 0 0 2 1 1 1 0 1
9 11 0 0 2 -0.303742 41.05205703 0 1 1 1 0 1 1 1 1 0 1 1
11 13 0 0 2 -0.818066 43.29643865 0 1 0 0 0 0 1 0 0 2 0 0
12 14 0 0 1 -1.2734 18.8263418 1 1 0 0 0 0 2 0 0 1 0 0
13 16 0 0 1 0.558441 53.78432918 0 0 0 0 1 0 2 0 0 2 0 0
14 19 0 0 2 0.621221 74.12204236 1 1 0 0 1 0 1 0 0 2 0 0
15 21 0 0 2 -1.02247 50.16936134 0 1 0 0 1 0 0 1 1 0 0 2
16 22 0 0 2 0.143952 38.59215612 0 0 0 0 0 0 2 2 2 0 0 2
17 23 0 0 2 1.52641 113.0605256 0 1 0 0 0 0 2 1 1 1 0 2
20 27 0 0 1 -0.295668 50.32507603 0 1 0 0 2 0 0 0 0 1 0 0
21 28 0 0 2 -0.686552 20.12780258 0 1 0 0 2 0 0 1 1 0 0 1
22 31 0 0 1 -0.319951 37.03635494 0 1 0 0 1 0 0 0 0 1 0 0
23 34 0 0 2 0.151757 54.28040616 0 1 0 0 0 0 1 2 2 0 0 1
24 35 0 0 1 0.370483 35.07232161 0 0 0 0 0 0 1 2 2 0 0 1
25 37 0 0 2 -0.899942 65.20712187 0 1 0 0 1 0 0 0 0 0 0 2
26 40 0 0 1 0.116702 61.75415508 0 1 0 0 0 0 1 1 1 0 1 1
27 47 0 0 1 -0.119293 45.67330567 0 1 0 0 1 0 1 1 1 1 0 1
28 49 0 0 1 -0.819865 31.15019327 0 1 0 0 0 0 1 1 1 1 0 0
30 52 0 0 1 -0.105051 38.14380167 0 1 0 0 1 0 0 0 0 0 0 0
33 55 0 0 1 -0.886521 22.03432969 0 1 1 1 0 0 1 1 1 0 1 1
34 57 0 0 2 2.36371 111.9484815 0 1 0 0 2 0 1 0 0 0 0 1
35 58 0 0 1 -0.499247 34.73580763 0 1 0 0 0 0 2 1 1 1 0 1
37 60 0 0 2 1.08757 103.9101187 -999 1 0 0 0 0 1 2 2 0 0 2
38 61 0 0 2 -1.09457 47.1102218 0 1 0 0 1 0 1 1 1 1 0 1
39 64 0 0 1 0.392623 54.64822981 0 1 0 0 0 0 1 0 1 0 1 0
40 66 0 0 1 -1.49815 34.56677648 0 1 0 0 1 0 0 1 1 0 0 2
42 67 0 0 2 0.252915 51.58136066 0 0 0 0 0 0 1 1 NA 0 1 1
43 68 0 0 2 3.41339 127.5449611 0 1 0 0 0 0 1 1 1 1 0 1
44 69 0 0 1 -0.142652 26.5654649 0 0 0 0 2 0 1 0 0 0 0 1
46 70 0 0 1 -0.0405392 26.38474979 0 0 0 0 0 0 2 2 2 0 0 1
47 71 0 0 1 0.907685 20.67635201 0 0 0 0 0 0 2 1 1 1 0 1
48 74 0 0 2 1.6438 116.5590332 0 1 0 0 0 0 0 0 0 1 1 0
49 75 0 0 1 0.515343 101.2176118 0 1 0 0 1 0 1 0 0 1 0 0
51 76 0 0 1 1.63885 125.8531703 0 1 0 0 1 0 1 1 1 1 0 1
52 79 0 0 1 -0.00707639 98.59290519 1 1 0 0 1 0 2 1 1 0 0 1
53 81 0 0 2 0.667138 112.3647317 1 1 0 0 1 0 0 1 1 0 0 1
54 84 0 0 1 -0.377382 94.76548916 0 1 0 0 0 0 2 2 2 0 0 2
55 87 0 0 1 0.247605 93.48970471 1 1 0 0 1 0 1 0 0 1 0 1
57 88 0 0 1 -0.328087 86.3998444 0 1 0 0 1 0 1 2 2 0 0 2
59 89 0 0 2 -0.925308 49.02006808 0 1 1 0 0 0 0 0 0 1 0 0
60 90 0 0 2 0.925308 117.8770698 0 1 0 0 0 0 2 0 0 2 0 0
64 91 0 0 1 -0.561451 88.23690965 0 1 0 0 1 0 1 0 0 2 0 0
65 95 0 0 2 -0.23436 95.27705603 0 1 0 0 1 0 1 0 0 2 0 0
66 97 0 0 2 0.406559 102.3640686 1 1 1 1 0 0 0 2 2 0 0 2
67 98 0 0 2 0.186999 93.57829247 0 1 0 0 0 0 2 0 0 2 0 0
68 101 0 0 1 0.0508428 96.91915638 1 1 1 1 0 1 1 0 0 0 1 1
70 102 0 0 1 0.313187 98.12085366 0 1 0 0 2 0 0 0 0 0 0 1
71 104 0 0 2 -1.36556 58.35572373 0 1 0 0 1 0 1 0 0 2 0 0
72 106 0 0 2 0.714508 110.722576 0 1 0 0 0 1 0 1 1 0 0 2
74 107 0 0 2 -0.035389 99.78501556 -999 1 1 1 0 0 0 0 0 1 0 1
75 109 0 0 1 1.85017 104.866652 1 1 1 1 0 1 1 1 1 0 1 2
77 112 0 0 2 0.255573 88.71506164 0 1 0 0 0 0 2 1 1 0 0 1
78 115 0 0 2 -0.302395 79.1542098 1 1 0 0 0 0 1 1 1 0 0 1
79 116 0 0 1 0.202734 101.9485654 0 1 2 2 0 2 1 0 0 0 1 1
80 117 0 0 2 0.467433 90.17310961 0 1 0 0 0 0 1 2 2 0 0 1
81 118 0 0 1 0.0921224 99.80307398 1 1 0 0 0 0 0 1 1 0 0 1
82 119 0 0 1 0.875143 122.8349988 0 1 1 1 0 0 0 1 1 1 0 1
83 120 0 0 2 -0.266222 30.23881728 1 1 0 0 1 0 1 1 1 0 0 1
84 123 0 0 1 -0.756667 88.99473916 0 1 0 0 1 0 1 1 1 0 0 0
85 124 0 0 2 -0.860146 74.70430461 0 1 1 1 2 1 1 1 1 0 0 1
86 126 0 0 1 1.37543 131.4255262 0 1 0 0 1 0 1 0 0 0 0 0
88 128 0 0 2 -0.727857 24.69655522 0 1 1 1 0 1 1 0 0 1 1 0
90 132 0 0 1 1.43409 120.9793625 0 1 0 0 0 0 1 1 1 0 1 1
92 133 0 0 2 -0.604147 81.22024706 1 1 1 1 1 0 1 0 0 1 0 0
93 135 0 0 2 -1.32116 22.50162791 0 1 1 1 1 0 1 0 0 2 0 0
95 137 0 0 1 -1.51415 68.68211598 0 1 0 0 0 0 2 0 0 2 0 0
96 140 0 0 2 -0.635327 72.45163163 0 1 0 0 0 0 2 1 1 0 0 1
97 141 0 0 1 -0.279577 71.77054709 0 1 0 0 0 0 0 1 1 0 1 1
98 142 0 0 1 0.274229 106.9195074 0 1 0 0 1 0 1 0 0 1 0 0
99 143 0 0 1 -0.85087 67.74630042 0 1 0 0 1 0 1 0 0 1 0 1
100 146 0 0 1 -2.30489 46.97400151 0 1 0 0 0 0 2 2 2 0 0 1
101 147 0 0 1 -0.578098 79.1572532 0 1 0 0 1 0 1 0 0 1 0 0
103 148 0 0 2 0.215885 86.50835853 1 1 0 0 2 0 0 0 0 1 0 1
104 149 0 0 2 -0.96965 56.0818213 0 1 0 0 2 0 1 0 0 1 0 0
105 150 0 0 1 -1.1402 45.81437854 1 1 1 1 0 0 1 2 2 0 0 1
106 152 0 0 1 0.0895385 42.41934447 0 0 0 0 2 0 0 0 0 2 0 0
107 153 0 0 2 -0.990447 35.08752033 0 1 0 0 0 0 2 1 1 1 0 0
108 155 0 0 1 -0.536025 42.92499619 0 1 1 1 0 1 1 0 0 0 1 1
109 157 0 0 2 1.3462 60.97186828 0 0 0 0 0 0 1 1 1 0 0 1
111 159 0 0 1 -1.25906 44.63262561 0 1 0 0 0 0 0 1 1 1 0 1
112 160 0 0 1 0.266222 50.2092687 0 1 1 1 0 1 1 1 1 0 1 2
113 162 0 0 2 1.4305 85.86932922 0 0 1 1 0 0 1 1 1 0 0 1
114 163 0 0 2 1.35582 84.64410586 0 0 0 0 2 0 1 0 0 1 0 0
115 164 0 0 2 -1.3029 49.31011178 0 1 1 1 2 1 1 0 0 1 0 0
117 165 0 0 1 -1.5389 51.10968397 0 1 0 0 1 0 0 0 0 2 0 0
118 167 0 0 1 0.0650193 83.66012762 1 1 1 1 0 1 1 1 1 0 1 1
119 170 0 0 2 0.0714674 73.35712347 0 1 0 0 0 0 1 2 2 0 0 1
120 171 0 0 1 -0.694718 85.40278022 0 1 0 0 0 0 2 0 0 1 0 0
121 172 0 0 1 -2.07921 54.19826921 0 1 1 1 0 0 0 0 0 0 0 1
123 175 0 0 2 0.134858 67.48095917 1 1 1 1 1 1 0 0 0 1 1 0
124 178 0 0 1 -1.09691 51.43932194 0 1 0 0 0 0 0 1 1 1 0 1
125 179 0 0 2 0.0366765 97.9333107 0 1 0 0 1 0 1 1 1 1 0 0
126 181 0 0 1 0.531574 111.6445744 0 1 0 0 1 0 0 0 0 1 1 0
128 182 0 0 1 -0.863877 75.74771739 0 1 0 0 0 0 2 2 2 0 0 2
129 183 0 0 1 -1.60997 35.44333386 0 1 1 0 0 0 1 0 0 2 0 0
131 184 0 0 1 -0.000643303 104.2856994 0 1 1 1 1 0 1 1 1 0 0 1
132 185 0 0 2 -0.0199437 75.11876809 0 1 0 0 0 0 2 1 1 1 0 1
133 187 0 0 2 -0.00836303 98.05393853 0 1 0 0 1 0 1 1 1 0 0 1
134 188 0 0 2 -0.395404 97.31659957 0 1 0 0 1 0 1 1 1 1 0 1
137 189 0 0 1 -0.30509 95.84434886 0 1 0 0 0 0 0 1 1 0 0 0
139 195 0 0 2 -1.29691 74.39143508 0 1 0 0 1 0 1 0 0 2 0 0
141 196 0 0 2 -1.75851 46.68292724 0 1 0 0 0 0 1 1 1 0 0 2
143 197 0 0 1 -1.77072 43.16567469 0 1 0 0 0 0 2 0 0 2 0 0
144 198 0 0 1 -0.791387 69.54814613 0 1 1 1 0 1 1 1 1 0 0 1
145 201 0 0 2 0.633754 96.1101217 0 1 1 1 1 0 1 0 0 0 0 0
146 203 0 0 1 -1.34939 66.55144137 0 1 0 0 1 0 0 0 0 2 0 0
147 207 0 0 1 -0.585718 71.0549265 1 1 1 0 1 1 0 0 0 1 1 0
148 208 0 0 2 -0.800217 48.00191941 0 1 1 1 2 1 1 1 1 0 0 1
149 209 0 0 2 -0.168699 74.89409287 0 1 0 0 1 0 1 1 1 0 0 1
150 210 0 0 2 -0.898015 88.6442762 0 1 0 0 0 0 0 1 1 0 1 1
151 211 0 0 1 -0.616547 90.79194285 1 1 0 0 1 0 0 0 0 0 1 1
152 212 0 0 2 -1.03338 78.41027986 0 1 0 0 0 0 1 1 1 1 0 1
153 215 0 0 1 0.923336 107.2498328 0 1 0 0 0 0 2 2 2 0 0 2
156 217 0 0 2 -0.605692 86.45836123 1 1 2 2 0 0 1 1 1 0 0 1
157 219 0 0 1 0.513874 93.72800563 1 1 0 0 2 0 0 1 1 1 0 1
158 220 0 0 2 -0.143952 99.06907398 0 1 0 0 1 0 1 1 1 1 0 1
159 223 0 0 2 -1.63394 47.91349037 0 1 0 0 1 0 1 1 1 1 0 1
160 224 0 0 1 0.602603 106.5382481 1 1 1 1 0 0 0 2 2 0 0 2
162 225 0 0 2 -1.26764 -999 1 1 1 0 1 1 0 0 0 0 1 1
163 228 0 0 1 -1.81567 51.44841305 0 1 1 1 1 0 1 1 1 1 0 0
164 229 0 0 2 -0.175228 83.84934143 0 1 1 1 0 0 1 0 0 1 0 0
166 230 0 0 1 1.06461 120.3874573 1 1 0 0 0 0 2 2 2 0 0 2
168 233 0 0 2 -1.029 76.81213644 0 1 1 1 1 1 0 0 0 1 1 0
169 236 0 0 1 0.838006 110.2168609 0 1 0 0 1 0 1 1 1 0 0 1
170 237 0 0 1 -0.527134 83.84980355 0 1 0 0 0 0 2 1 1 1 0 2
172 239 0 0 1 -0.355367 75.79959894 0 1 0 0 0 0 2 2 2 0 0 1
173 242 0 0 1 -0.363602 101.7401334 0 1 0 0 0 0 2 2 2 0 0 1
175 246 0 0 1 0.471743 94.81629247 1 1 0 0 1 0 1 1 1 1 0 1
177 247 0 0 1 -0.079209 103.2087064 0 1 0 0 0 0 1 1 1 0 0 0
178 248 0 0 2 -0.290296 91.28358847 1 1 1 1 0 1 0 0 1 0 0 2
179 249 0 0 1 -0.662324 -999 0 1 0 0 0 0 2 0 0 1 0 0
180 250 0 0 1 -0.366352 91.79968072 1 1 2 2 0 1 0 1 1 0 1 1
181 253 0 0 2 -1.20946 57.68990305 0 1 0 0 2 0 0 1 1 0 0 1
182 254 0 0 1 0.231716 90.20175353 0 1 0 0 0 0 1 2 2 0 0 1
184 255 0 0 2 -0.102464 89.56764509 0 1 0 0 0 0 1 1 2 0 0 1
185 256 0 0 1 -0.196172 62.23925195 0 1 0 0 1 0 0 1 1 0 0 1
186 257 0 0 1 0.192238 120.4561602 0 1 0 0 2 0 0 0 0 0 0 0
187 258 0 0 2 -1.7832 57.40941198 1 1 0 0 2 0 1 0 0 0 0 0
189 260 0 0 2 -0.500705 70.50816342 0 1 0 0 2 0 0 0 0 1 0 0
191 262 0 0 2 -1.62424 65.65142174 0 1 0 0 0 0 1 1 1 1 0 0
192 263 0 0 1 -1.17541 75.61114814 0 1 0 0 1 0 1 1 NA 1 1 NA
193 264 0 0 2 -1.56902 60.28882022 0 1 0 0 0 0 2 1 1 1 0 2
194 265 0 0 2 -0.272893 97.97143006 0 1 0 0 0 0 1 2 2 0 0 1
196 266 0 0 1 0.0843726 77.60114033 0 1 0 0 0 0 2 2 2 0 0 2
197 267 0 0 2 0.424794 100.3170609 0 1 0 0 2 0 0 0 0 0 0 0
199 268 0 0 2 -1.01383 79.08700205 0 1 0 0 0 0 1 0 0 0 0 0
200 269 0 0 2 0.0675982 106.9231089 1 1 0 0 0 0 1 1 1 0 1 0
201 271 0 0 1 -0.796677 71.73102072 0 1 0 0 1 0 1 1 1 1 0 1
202 272 0 0 1 0.389845 88.00234371 0 1 0 0 0 0 2 0 0 1 0 0
203 274 0 0 1 -1.07144 -999 0 1 0 0 0 0 2 2 2 0 0 2
204 276 0 0 1 -1.2534 48.97447934 1 1 0 0 1 0 2 2 2 0 1 2
206 278 0 0 2 -1.31808 48.53208145 0 1 1 1 1 1 0 0 0 1 1 1
207 279 0 0 1 -0.347156 94.33859251 0 1 1 1 0 0 1 2 2 0 0 2
209 280 0 0 2 0.805544 -999 1 1 0 0 1 0 1 1 1 1 1 1
210 282 0 0 2 -0.490522 105.7148314 0 1 0 0 0 0 2 0 0 2 0 1
211 284 0 0 2 -0.189618 94.39182931 0 1 0 0 0 0 2 1 1 1 0 1
212 285 0 0 2 -2.1021 31.70085057 0 1 0 0 2 0 0 0 0 1 0 0
213 287 0 0 2 -1.98777 30.71675348 0 1 1 1 1 0 0 1 1 0 0 1
214 288 0 0 2 -1.97858 38.12251452 0 1 0 0 1 0 0 0 0 1 0 0
218 289 0 0 2 -1.54312 69.5425949 1 1 0 0 2 0 0 0 0 2 0 0
219 290 0 0 2 -0.903807 90.889158 0 1 0 0 0 0 1 2 2 0 0 2
220 292 0 0 2 -1.41283 97.57166966 0 1 1 1 1 1 0 0 0 1 1 1
221 293 0 0 1 -2.82366 46.65442823 0 1 0 0 0 0 0 0 NA 0 2 0
222 295 0 0 2 0.0521311 99.86394159 1 1 1 1 0 1 1 1 1 0 1 1
227 296 0 0 2 0.037964 102.6599144 0 1 0 0 0 0 1 2 2 0 0 2
229 299 0 0 1 -1.91849 30.71723002 0 1 0 0 0 0 2 1 1 1 0 1
230 300 0 0 2 -1.8431 20.80636683 0 1 0 0 2 0 0 1 1 0 0 2
231 301 0 0 2 -1.74656 -999 0 1 0 0 0 0 2 0 0 1 0 2
232 304 0 0 2 0.70788 106.0405279 0 1 2 2 0 1 1 1 1 0 0 2
233 305 0 0 2 2.09052 121.4437098 0 1 0 0 1 0 1 0 0 2 0 0
234 307 0 0 1 -0.0559966 75.91394124 0 1 0 0 0 0 0 0 NA 0 1 0
235 309 0 0 2 -0.0598629 73.95586405 0 1 0 0 0 0 2 0 0 1 0 1
236 312 0 0 1 -1.30591 25.59878854 -999 1 0 0 1 0 1 0 0 0 0 0
237 313 0 0 2 0.741338 47.99230455 0 0 0 0 1 0 0 0 0 1 0 0
238 314 0 0 1 0.227753 62.28620533 0 0 1 1 1 1 1 1 1 1 0 1
241 315 0 0 1 0.537511 22.6343132 0 0 0 1 1 0 0 1 1 0 0 2
243 318 0 0 1 0.279577 52.42142435 0 1 0 0 0 0 2 0 0 0 0 0
244 319 0 0 1 0.240977 69.25689034 0 1 0 0 0 0 2 2 2 0 0 1
246 320 0 0 2 1.00954 75.69278668 1 1 1 1 0 0 0 1 1 0 1 1
247 322 0 0 2 0.729535 87.63582777 0 1 0 0 0 0 2 1 1 1 0 1
248 326 0 0 1 -0.836179 20.94731686 0 1 0 0 1 0 0 0 0 0 0 0
249 328 0 0 1 0.167394 39.32044551 0 0 0 0 0 0 2 0 0 2 0 0
250 330 0 0 1 -0.805544 23.48503548 0 1 0 0 1 0 0 0 0 1 0 0
251 331 0 0 2 2.90087 91.3916666 0 1 0 0 1 0 2 1 1 1 1 1
253 336 0 0 2 -0.619662 60.69129869 0 1 1 0 0 1 0 1 1 0 1 1
254 339 0 0 2 1.59602 94.08918273 0 0 1 1 1 0 0 0 0 1 0 1
255 341 0 0 1 0.521229 52.58307159 0 0 2 2 0 1 1 0 0 1 1 0
257 343 0 0 2 -0.34579 87.07289362 1 1 0 0 2 0 0 0 0 1 0 0
258 347 0 0 1 -0.125775 71.17510695 0 1 0 0 1 0 1 0 0 1 0 0
259 348 0 0 2 -0.338968 61.06609003 0 1 0 0 0 0 2 1 1 1 0 0
260 349 0 0 1 -0.522704 67.22299288 0 1 1 1 1 0 1 1 NA 1 0 NA
262 352 0 0 1 -0.524179 66.62434485 0 1 0 0 1 0 1 1 1 0 0 2
263 357 0 0 1 1.54736 93.47344938 0 0 1 1 1 0 0 0 0 1 1 0
264 358 0 0 1 0.590306 -999 1 1 1 1 1 0 1 1 1 1 0 1
265 360 0 0 2 -1.41985 30.15576053 0 1 0 0 1 0 1 1 1 1 0 1
266 363 0 0 1 0.753245 66.76296818 0 1 0 0 2 0 1 0 0 0 0 0
267 367 0 0 2 1.5389 97.79001133 0 1 1 1 0 0 2 2 2 0 0 1
268 370 0 0 1 -1.25058 -999 0 1 0 0 1 0 2 0 0 1 1 0
269 371 0 0 2 -0.688182 29.80792267 0 1 0 0 1 0 1 0 0 1 0 1
270 376 0 0 1 1.67437 83.66494865 0 0 0 0 0 0 1 0 0 1 0 0
271 378 0 0 2 0.858285 63.74167003 1 0 1 0 0 0 1 0 0 2 0 0
272 379 0 0 2 -0.117998 95.32811544 1 1 0 0 1 0 0 1 1 1 0 0
273 381 0 0 2 -0.905744 38.78034145 0 1 0 0 1 0 0 2 2 0 0 1
274 383 0 0 2 1.33671 -999 0 0 0 0 0 0 1 0 0 0 1 1
275 384 0 0 2 0.59952 82.80601584 -999 1 1 0 0 0 2 2 2 0 0 2
276 387 0 0 1 1.18834 97.78796877 0 1 0 0 0 0 2 1 1 1 0 1
278 389 0 0 2 -1.90253 22.88012013 0 1 0 0 0 0 1 0 0 1 0 1
279 390 0 0 1 1.31808 91.61728279 0 1 0 0 1 0 0 1 1 0 0 0
280 391 0 0 2 0.15436 76.13116926 0 1 1 1 0 0 0 0 0 0 0 1
281 394 0 0 1 0.0934145 69.8679533 0 1 0 0 0 0 1 1 1 1 0 1
282 395 0 0 2 -0.489071 67.86829421 1 1 0 0 0 0 1 2 2 0 0 1
283 396 0 0 1 -0.197483 61.99961111 1 1 0 0 0 0 0 0 0 1 1 0
284 397 0 0 2 1.41283 106.8161729 1 1 0 0 1 0 1 1 1 1 0 0
285 400 0 0 1 0.688182 67.93439153 1 1 0 0 1 0 2 0 0 1 0 0
286 405 0 0 1 1.03119 74.09335965 0 1 0 0 0 0 1 1 1 0 0 1
287 406 0 0 1 1.56902 86.48604543 0 1 0 0 0 0 1 2 2 0 0 1
288 407 0 0 1 -0.584191 44.57078611 0 1 0 0 0 0 1 0 0 1 1 1
289 408 0 0 1 1.09223 98.63408158 0 1 0 0 0 0 2 2 2 0 0 2
290 413 0 0 1 -0.332163 76.34972102 0 1 0 0 2 0 0 1 1 1 0 0
292 416 0 0 1 -0.227753 68.18598159 0 1 0 0 0 0 2 1 1 1 0 1
293 418 0 0 2 -0.543466 47.01280629 1 1 0 0 2 0 0 0 0 0 0 2
294 419 0 0 1 1.22566 110.9935975 1 1 1 1 0 0 1 0 0 0 1 0
295 420 0 0 1 0.0289527 68.0694976 0 1 0 0 0 0 2 2 2 0 0 2
296 422 0 0 2 -0.313187 73.92796333 0 1 1 1 1 0 0 1 1 1 0 1
297 424 0 0 1 -2.19229 48.43493997 0 1 0 0 0 0 1 2 2 0 0 2
300 425 0 0 1 -1.71773 58.72167097 0 1 1 1 0 1 1 0 0 1 0 0
301 426 0 0 1 -1.95196 59.11437782 0 1 1 1 0 1 2 1 1 0 0 2
302 428 0 0 1 0.478945 106.1382969 0 1 0 0 1 0 1 1 1 1 0 2
303 429 0 0 1 -0.271558 78.70601106 0 1 0 0 1 0 0 0 0 1 0 0
305 430 0 0 2 0.57962 65.33245752 0 1 1 1 0 1 0 1 1 0 1 0
306 432 0 0 1 -0.568999 65.04484392 0 1 1 1 0 0 1 0 0 1 0 0
307 433 0 0 1 -1.00313 65.30409937 0 1 0 0 1 0 0 0 0 1 1 0
308 435 0 0 1 -0.590306 77.36773716 0 1 0 0 1 0 1 1 1 0 0 1
309 438 0 0 2 0.638479 109.9326165 0 1 0 0 1 0 1 1 1 0 0 1
310 439 0 0 1 -1.05558 78.27215827 0 1 0 0 1 0 1 2 2 0 0 2
313 440 0 0 1 -1.62907 46.41289563 0 1 0 0 1 0 1 1 1 1 0 1
314 441 0 0 2 -1.03119 69.68585308 0 1 0 0 0 0 1 1 1 1 0 1
315 443 0 0 1 -1.71213 17.72954425 1 1 0 0 1 0 0 1 1 1 0 1
316 445 0 0 1 -0.979995 72.76429146 0 1 1 1 1 0 0 1 1 0 0 1
317 448 0 0 2 0.869496 84.96483117 0 1 0 0 0 0 1 1 1 1 0 1
318 449 0 0 2 -1.37543 37.41357634 1 1 0 0 0 0 1 1 1 1 0 1
320 450 0 0 2 -0.176534 83.93139768 1 1 0 0 0 0 0 1 1 1 0 0
322 452 0 0 1 -0.676813 80.28887259 0 1 0 0 1 0 0 0 0 0 0 1
323 453 0 0 2 0.0804997 104.9461228 1 1 0 0 1 0 1 1 1 0 0 2
324 455 0 0 2 0.26489 35.71275699 0 0 1 1 1 0 0 1 1 0 0 2
327 459 0 0 2 0.468869 63.23179487 0 0 0 0 1 0 2 1 1 1 0 1
328 461 0 0 1 -0.484725 92.01706379 1 1 1 0 0 0 0 1 1 1 0 0
329 463 0 0 1 -1.33986 71.21385533 0 1 0 0 0 0 0 0 0 1 0 0
330 465 0 0 1 -1.8224 55.99829984 1 1 0 0 1 0 0 0 0 1 0 1
332 467 0 0 1 -0.162177 73.08029792 0 1 0 0 1 0 1 0 0 1 0 1
333 469 0 0 1 0.476062 100.1769432 0 1 0 0 0 0 2 1 1 1 0 2
334 470 0 0 2 -0.0895385 28.8914862 0 0 0 0 0 0 2 2 2 0 0 2
335 472 0 0 2 -1.05334 39.55370239 1 1 0 0 0 0 2 1 1 1 0 0
336 474 0 0 1 0.500705 83.4464149 1 1 0 0 1 0 0 0 0 1 0 0
337 475 0 0 2 0.244953 72.7300223 0 1 0 0 1 0 1 1 1 0 0 2
338 479 0 0 1 0.505085 66.6882752 0 1 0 0 0 0 1 2 2 0 0 2
339 483 0 0 1 1.02247 119.4725817 1 1 0 0 1 0 0 1 1 1 0 1
340 484 0 0 2 0.493426 99.72186286 0 1 0 0 0 0 2 2 2 0 0 2
341 486 0 0 1 -0.301049 90.90140204 1 1 1 0 0 1 1 0 0 0 1 0
344 487 0 0 2 -0.622783 55.69772075 1 1 0 0 0 0 2 2 2 0 0 2
345 490 0 0 2 -0.875143 99.87189101 1 1 0 0 0 0 1 0 0 1 0 1
346 493 0 0 2 -0.423386 81.52444631 1 1 0 0 0 0 1 1 1 1 0 1
347 494 0 0 2 0.751538 96.85110963 0 1 0 0 0 0 2 0 0 2 0 0
348 496 0 0 2 0.00192991 87.22568237 0 1 0 0 1 0 1 1 1 0 0 1
349 497 0 0 2 1.45232 100.0320394 0 1 0 0 0 0 1 1 1 0 1 1
350 499 0 0 1 0.184381 93.55460418 0 1 0 0 0 0 2 1 2 0 0 1
352 500 0 0 2 -1.33045 61.76204063 1 1 1 1 0 0 2 1 1 1 0 1
353 501 0 0 2 -0.0482664 79.86227554 1 1 0 0 0 0 2 1 1 1 0 1
354 502 0 0 2 0.803766 98.68636728 0 1 0 0 2 0 1 0 0 1 0 0
355 504 0 0 1 -0.400975 80.41093813 1 1 1 1 0 0 0 1 1 0 0 1
356 507 0 0 2 -1.37213 46.21496219 0 1 0 0 2 0 0 0 0 1 0 0
357 509 0 0 2 1.49815 101.5413661 0 1 0 0 1 0 1 1 1 1 0 1
358 510 0 0 1 -0.112817 86.8613736 0 1 1 1 0 1 1 1 1 0 1 1
360 511 0 0 1 -0.0302398 92.69202864 0 1 0 0 0 0 2 1 1 0 0 2
361 513 0 0 1 -0.287613 85.17580445 0 1 0 0 0 0 1 1 1 0 0 1
362 514 0 0 1 0.573543 107.1223369 0 1 0 0 2 0 0 0 0 1 0 0
363 515 0 0 2 0.223793 104.040879 0 1 0 0 1 0 0 1 1 0 1 1
364 519 0 0 2 -1.53471 67.23339197 0 1 0 0 1 0 1 1 1 0 0 2
365 524 0 0 2 -0.877031 69.26809453 0 1 1 1 1 1 0 0 0 1 1 0
366 526 0 0 1 -1.69026 66.61576881 0 1 0 0 1 0 1 0 0 2 0 0
367 528 0 0 2 -0.562958 75.1123353 0 1 1 1 1 0 0 0 0 0 0 2
368 530 0 0 2 -1.22839 69.38235335 0 1 0 0 0 0 2 0 0 1 0 0
369 532 0 0 2 0.716169 96.6469789 0 1 0 0 1 0 0 1 1 1 0 0
370 533 0 0 1 -0.0109364 92.16273241 0 1 0 0 0 0 1 2 2 0 1 1
371 536 0 0 2 -0.406559 75.54390814 0 1 0 0 0 0 1 1 1 1 0 1
372 538 0 0 2 0.553936 120.7290962 0 1 0 0 0 0 1 1 1 0 1 1
373 539 0 0 2 -1.07832 75.20517617 0 1 0 0 0 0 2 0 0 0 0 1
374 540 0 0 2 -1.15763 71.9517103 1 1 1 1 0 0 1 0 1 0 0 1
375 541 0 0 1 -0.939216 67.26862045 0 1 0 0 0 0 2 1 1 0 0 1
376 542 0 0 2 0.176534 95.38229805 0 1 0 0 0 0 1 0 0 2 0 0
377 545 0 0 1 -1.77692 32.62290597 0 1 0 0 0 0 2 1 1 1 0 1
380 549 0 0 2 -0.21062 89.06115278 0 1 0 0 0 0 2 2 2 0 0 2
381 551 0 0 2 -0.352627 85.64838555 0 1 0 0 0 0 1 1 1 1 0 1
382 552 0 0 2 -0.262225 97.7118895 1 1 0 0 0 0 1 1 1 1 0 1
384 557 0 0 1 1.13529 115.1264497 0 1 0 0 1 0 1 1 1 1 0 1
385 559 0 0 1 0.172615 101.7916062 1 1 0 0 0 0 1 0 0 1 0 0
387 560 0 0 1 -1.10635 57.3791183 0 1 1 0 1 1 1 0 0 2 0 0
388 561 0 0 1 -0.754955 85.78468716 0 1 0 0 0 0 2 2 2 0 0 1
389 562 0 0 2 0.378764 106.8534607 0 1 0 0 0 0 1 1 1 0 1 0
390 566 0 0 1 -0.129666 84.16831704 0 1 1 1 1 1 1 1 1 1 0 1
391 567 0 0 1 1.1652 103.6994096 0 1 0 0 1 0 1 1 1 0 0 2
392 568 0 0 1 0.898015 110.888423 0 1 1 1 0 0 2 2 2 0 0 2
393 570 0 0 2 1.23664 117.767524 0 1 0 0 1 0 1 1 1 0 0 1
395 571 0 0 2 -0.786119 82.99764147 0 1 0 0 1 0 1 0 0 1 1 0
396 577 0 0 2 1.20148 102.8970029 0 1 0 0 1 0 1 0 0 0 0 0
397 579 0 0 1 -1.11589 55.01269542 0 1 0 0 1 0 1 1 NA 1 0 1
398 580 0 0 2 0.254244 90.548553 0 1 0 0 0 0 1 1 1 0 1 1
399 581 0 0 1 0.947246 98.11857751 1 1 0 0 1 0 1 1 1 0 0 1
400 582 0 0 1 1.33986 65.01439058 0 0 0 0 1 0 1 0 0 1 0 1
401 584 0 0 1 0.585718 107.8511808 0 1 0 0 0 1 1 0 NA 0 0 0
402 587 0 0 2 -0.878923 33.96445042 0 1 2 2 0 0 2 1 1 0 0 0
405 588 0 0 1 -0.641637 24.77914311 1 1 0 0 1 0 1 1 1 1 0 1
406 589 0 0 2 0.884617 48.75986991 1 0 0 0 0 0 1 1 1 0 0 2
407 593 0 0 1 1.00526 15.66069668 0 0 0 0 0 0 2 0 0 2 0 0
408 597 0 0 2 0.369105 60.93137693 0 0 0 0 0 0 2 2 2 0 0 2
409 598 0 0 2 0.4617 87.62098828 0 1 0 0 0 0 2 2 2 0 0 2
410 599 0 0 1 -0.673581 59.41487636 0 1 0 0 0 0 2 2 2 0 0 1
411 602 0 0 1 2.28694 98.53870824 -999 0 0 0 1 0 1 1 1 1 0 1
412 606 0 0 2 -0.852719 55.62081874 0 1 0 0 0 0 0 1 1 0 0 1
414 607 0 0 1 -0.298357 23.79503741 0 0 0 0 0 0 2 1 1 1 0 1
415 608 0 0 2 -0.324016 29.43254062 0 1 0 0 1 0 1 1 1 1 0 1
416 611 0 0 2 -0.775648 43.37540896 1 1 0 0 0 0 1 0 0 2 0 1
418 613 0 0 2 0.0469784 80.29725355 0 1 0 0 1 0 0 1 1 0 0 0
419 614 0 0 2 0.299703 84.59797852 0 1 0 0 1 0 0 1 1 1 0 1
420 616 0 0 1 1.51011 110.0764741 0 1 0 0 0 0 1 2 2 0 0 2
422 617 0 0 2 -0.493426 70.92107569 0 1 0 0 0 0 2 2 2 0 0 2
424 619 0 0 2 0.111522 24.11340986 0 0 0 0 0 0 2 1 1 1 0 0
425 625 0 0 1 0.246279 14.23907515 1 0 0 0 2 0 0 0 0 0 0 2
430 627 0 0 1 1.04442 93.40174835 0 1 0 0 1 0 1 1 1 0 0 1
431 630 0 0 1 -0.15436 63.84281887 0 1 0 0 1 0 0 0 0 1 0 0
433 632 0 0 1 1.44132 103.614739 1 1 1 1 1 1 2 0 0 0 0 0
434 633 0 0 1 0.340331 55.11259151 1 0 1 1 0 0 0 0 0 0 0 1
436 636 0 0 1 1.63394 89.25126597 0 1 1 1 0 0 2 1 NA 0 0 1
437 637 0 0 1 0.457411 55.5823931 1 0 0 0 1 0 2 0 0 0 0 0
438 640 0 0 2 2.61764 111.9306848 0 1 0 0 0 0 1 1 1 0 0 2
439 641 0 0 2 -0.521229 56.88189824 1 1 0 0 0 0 1 0 0 1 0 0
442 642 0 0 1 -0.190928 40.33143831 0 1 0 0 1 0 1 0 0 2 0 0
444 646 0 0 2 1.53054 95.10941691 0 1 0 0 0 0 2 1 1 1 1 1
445 648 0 0 1 1.0511 85.71063336 0 1 1 1 0 1 2 2 2 0 0 2
446 649 0 0 1 0.951284 93.3776457 0 1 1 1 0 1 2 2 2 0 0 2
447 651 0 0 2 0.502164 65.48938769 0 1 0 0 2 0 0 0 0 1 0 0
449 653 0 0 1 0.727857 110.6653752 0 1 0 0 0 0 0 1 1 1 0 1
450 655 0 0 1 0.263557 110.778853 0 1 1 0 1 1 0 0 0 0 1 1
451 656 0 0 1 1.41633 125.6807481 0 1 0 0 0 0 2 0 1 1 0 1
452 657 0 0 1 -1.24498 52.10809005 0 1 0 0 0 0 2 2 2 0 1 1
453 658 0 0 2 0.114112 99.89558709 0 1 0 0 0 0 1 1 1 0 0 1
454 659 0 0 1 0.34579 71.54802734 0 1 0 0 1 0 0 0 0 0 1 0
456 662 0 0 1 -0.15957 66.22575779 0 1 0 0 0 0 1 1 1 0 0 2
457 665 0 0 1 -0.364976 77.3482998 0 1 0 0 0 0 1 1 1 1 0 1
458 668 0 0 2 -0.773911 78.27343899 0 1 1 1 0 1 1 0 0 0 1 0
459 670 0 0 2 -0.57962 82.91024993 0 1 0 0 0 0 1 1 1 1 0 2
460 672 0 0 1 2.15148 96.21074556 0 0 1 1 0 0 2 1 1 0 0 1
461 674 0 0 1 -1.1135 39.31255728 0 1 0 0 1 0 1 1 1 1 0 1
462 675 0 0 2 -2.12614 32.09326087 0 1 0 0 0 0 2 1 1 1 0 1
463 680 0 0 1 -1.0511 46.35865502 0 1 0 0 0 0 2 2 2 0 0 1
465 681 0 0 1 1.81567 105.6244727 0 1 0 0 0 0 1 0 0 1 0 0
466 682 0 0 1 -0.463132 42.97335137 0 1 0 0 0 0 1 2 2 0 0 2
471 684 0 0 2 -0.961447 75.68401053 0 1 1 0 0 0 1 0 0 1 0 0
472 688 0 0 1 -0.627475 23.52681872 0 1 0 0 1 0 0 1 1 0 0 1
475 689 0 0 1 -0.247605 41.0719679 1 1 0 0 0 0 2 2 2 0 0 0
476 692 0 0 1 -0.00321652 63.77406393 1 1 0 0 1 0 1 1 1 1 0 1
479 695 0 0 1 -0.226433 50.30826287 0 1 0 0 0 0 2 2 2 0 0 1
481 697 0 0 2 -0.975844 77.88471567 1 1 0 0 1 0 1 0 0 1 0 0
482 699 0 0 2 0.782619 76.5703197 -999 1 0 0 1 0 1 0 0 2 0 0
483 702 0 0 1 1.40244 123.5855954 0 1 0 0 0 0 2 2 2 0 0 2
484 703 0 0 1 -0.20799 95.55608224 0 1 0 0 1 0 0 1 1 0 0 0
486 707 0 0 1 -2.22167 41.97857939 1 1 1 1 1 1 1 0 0 0 1 1
487 710 0 0 1 -0.318597 31.93535021 0 1 0 0 1 0 1 0 0 1 0 0
488 716 0 0 1 0.286272 105.5484454 1 1 1 1 0 0 0 1 1 0 0 1
489 717 0 0 1 -0.832535 76.363989 0 1 0 0 0 0 2 0 0 2 0 0
490 718 0 0 2 1.2734 109.1492231 0 1 0 0 2 0 1 1 1 1 0 0
491 720 0 0 1 1.09691 114.8944523 0 1 0 0 1 0 1 0 0 0 0 0
492 721 0 0 1 1.50211 98.13845485 1 1 0 0 0 0 2 0 0 2 0 0
493 722 0 0 1 -0.919402 58.43042353 0 1 1 1 1 1 1 0 0 0 1 0
495 723 0 0 1 -0.602603 43.29748728 0 1 0 0 0 0 2 2 2 0 0 1
496 724 0 0 2 0.276902 65.08351227 0 1 0 0 0 0 1 2 2 0 0 2
497 727 0 0 1 -0.156965 93.31656239 0 1 1 1 0 0 2 1 1 0 0 1
498 728 0 0 1 0.453129 69.23427904 0 1 1 1 2 0 0 0 0 2 0 0
499 729 0 0 2 0.998887 59.57897919 0 0 1 0 1 0 0 0 0 1 0 0
500 730 0 0 2 0.0598629 63.64804195 0 1 1 1 0 0 1 1 1 1 0 1
501 733 0 0 2 -0.0444025 77.82625588 0 1 0 0 0 0 2 2 2 0 0 2
502 735 0 0 2 -0.0328143 41.80137814 0 0 0 0 0 0 1 1 1 1 0 1
503 737 0 0 1 0.0908304 47.08084181 0 0 1 1 0 1 2 1 1 0 0 2
504 738 0 0 1 -0.371861 20.66486913 0 1 0 0 0 0 1 2 2 0 0 0
505 739 0 0 1 1.07602 63.95954025 0 1 1 1 0 0 0 1 1 0 1 1
507 740 0 0 2 -0.722836 22.73141817 0 1 1 1 0 0 1 0 0 0 0 1
508 741 0 0 2 -0.309136 89.93852451 0 1 0 0 1 0 1 1 1 0 0 2
509 743 0 0 2 -0.838006 64.28745491 0 1 0 0 1 0 1 1 1 0 0 1
510 749 0 0 1 -0.780873 64.88023308 0 1 2 2 0 1 0 1 1 0 0 2
511 750 0 0 1 0.0482664 36.65014597 0 0 0 0 0 0 1 1 1 0 0 1
513 751 0 0 1 1.18574 76.62102274 0 0 1 1 0 0 1 1 1 0 0 1
514 752 0 0 2 -0.0263785 46.79663119 0 0 0 0 0 1 1 1 1 0 1 1
515 753 0 0 1 0.260894 19.57704587 0 0 0 0 0 0 1 1 1 0 1 1
516 754 0 0 2 1.03558 111.3181773 0 0 1 1 0 1 1 0 0 1 1 0
517 756 0 0 1 0.301049 91.57305178 0 1 0 0 1 0 1 0 0 2 0 0
518 758 0 0 1 0.360854 37.0811366 0 0 0 0 1 0 1 0 0 0 0 0
519 764 0 0 2 0.975844 61.91852933 0 0 0 0 1 0 0 1 1 0 0 1
520 767 0 0 2 0.463132 68.27980217 0 1 0 0 2 0 0 0 0 2 0 0
522 768 0 0 1 0.552437 63.11145408 0 0 1 1 0 0 1 1 1 1 0 1
523 769 0 0 2 -0.198796 41.21916173 0 1 0 0 1 0 2 1 1 0 0 1
524 772 0 0 2 0.0263785 27.35473225 0 0 0 0 0 0 2 0 0 2 0 0
525 774 0 0 2 -0.564466 41.85305121 0 1 0 0 1 0 1 1 1 0 0 2
526 778 0 0 1 0.185689 90.56596841 1 1 0 0 1 0 1 0 0 1 0 0
527 781 0 0 1 -0.587246 32.49756304 0 1 0 0 1 0 1 0 0 1 0 1
528 782 0 0 1 -1.02682 24.29038871 1 1 1 1 0 0 1 1 1 0 0 1
529 783 0 0 2 0.175228 39.27435884 0 0 0 0 0 0 1 0 0 1 0 0
530 784 0 0 1 0.530093 68.25425136 0 1 1 1 0 0 2 2 2 0 0 1
532 785 0 0 1 -0.38153 51.01528073 0 1 0 0 0 0 0 0 0 1 0 0
533 786 0 0 2 0.53454 67.14713828 0 0 0 0 0 0 1 1 1 1 0 1
534 788 0 0 2 -1.31502 42.24593196 0 1 0 0 2 0 0 0 0 1 0 1
535 791 0 0 1 -0.391234 67.95308828 0 1 0 0 2 0 0 0 0 0 0 2
536 794 0 0 2 0.732897 77.42905087 0 1 0 0 0 0 1 2 2 0 0 2
537 796 0 0 1 -0.0495546 54.56933508 0 1 0 0 1 0 1 2 2 0 0 2
538 797 0 0 1 -1.42338 20.21539429 0 1 1 1 0 1 1 1 1 0 1 1
539 800 0 0 1 0.567487 52.62731542 0 0 0 0 0 0 2 1 1 0 0 1
540 802 0 0 1 -0.329445 60.91828331 0 1 0 0 0 0 2 2 2 0 0 2
541 804 0 0 1 0.536025 31.67459386 0 0 0 0 2 0 1 0 0 0 0 0
542 806 0 0 2 0.258233 32.23838707 0 0 2 1 0 2 0 0 0 0 2 0
543 808 0 0 1 0.819865 48.42069603 0 0 0 0 1 0 1 0 0 2 0 0
544 810 0 0 1 0.917441 69.16293763 0 0 0 0 0 0 2 2 2 0 0 2
545 813 0 0 1 -0.359481 67.09151779 0 1 1 1 1 0 0 1 1 1 0 1
546 814 0 0 2 -0.0843726 59.97842805 0 1 0 0 0 0 2 2 2 0 1 2
547 815 0 0 2 -1.46725 50.46414879 0 1 0 0 1 0 1 2 2 0 0 2
548 819 0 0 1 -1.4377 27.99519286 1 1 1 1 0 1 1 0 0 1 1 0
549 821 0 0 2 0.756667 29.32779094 0 0 0 0 0 0 2 1 1 1 0 2
550 822 0 0 1 0.0392515 49.45108738 0 0 0 0 0 0 1 0 0 1 1 0
551 823 0 0 2 0.164785 39.12284608 0 0 0 0 1 0 1 0 0 0 0 0
552 825 0 0 1 -0.803766 37.54550588 0 1 0 0 0 0 1 1 1 1 0 1
553 826 0 0 1 0.524179 76.13211693 0 1 1 1 0 1 2 0 0 1 0 0
554 828 0 0 1 2.2531 96.40024003 0 0 0 0 1 0 0 1 1 1 0 0
555 829 0 0 1 2.16468 96.22195819 1 1 1 1 0 0 2 0 0 1 0 1
556 830 0 0 1 0.388458 73.32955772 0 1 0 0 1 0 1 1 1 1 0 1
557 833 0 0 1 0.961447 81.3265973 0 1 0 0 2 0 0 0 0 1 0 0
558 836 0 0 1 1.69026 76.73997637 0 0 0 0 0 0 2 1 1 1 0 0
560 837 0 0 1 0.097292 43.0965812 1 0 0 0 0 0 1 1 1 0 1 1
561 838 0 0 2 1.07144 40.42780873 0 0 0 0 0 0 2 0 0 2 0 0
562 840 0 0 1 0.484725 23.25844002 0 0 1 1 0 0 1 2 2 0 0 1
564 842 0 0 1 1.10398 51.9939946 0 0 1 1 0 1 2 1 1 1 0 1
565 844 0 0 1 -0.481833 61.53908359 0 1 0 0 1 0 2 0 0 1 0 0
566 845 0 0 1 1.05783 87.50720496 1 1 0 0 1 0 1 1 1 0 0 1
567 849 0 0 1 0.282253 107.0529998 -999 1 0 0 0 0 2 2 2 0 0 0
568 850 0 0 1 -0.896091 65.99167469 0 1 0 1 0 0 1 1 1 0 0 2
569 851 0 0 2 -2.61764 29.0679794 0 1 1 1 1 1 0 0 0 0 1 0
570 852 0 0 2 -0.40237 -999 -999 1 0 0 0 0 1 2 2 0 0 2
571 854 0 0 1 0.031527 97.42340377 0 1 0 0 1 0 2 1 1 0 0 1
572 857 0 0 2 -1.91044 53.38040515 0 1 0 0 1 0 0 1 1 1 0 1
574 858 0 0 1 0.336244 68.18752789 0 1 0 0 1 0 0 0 0 1 0 0
576 860 0 0 1 0.103758 108.1829697 0 1 1 0 1 1 2 0 0 0 1 0
577 863 0 0 2 1.74656 124.3941842 0 1 0 0 0 0 1 2 2 0 0 1
578 866 0 0 1 0.136156 30.30573775 0 0 2 2 0 1 1 1 1 0 1 1
579 867 0 0 2 0.150455 27.12548841 0 0 0 0 0 0 2 1 1 1 0 1
581 868 0 0 2 1.00313 53.83902303 0 0 0 0 2 0 0 1 0 0 0 0
583 870 0 0 1 -0.326729 48.54945817 0 1 1 1 0 0 2 1 1 1 0 1
584 874 0 0 2 -0.854572 24.23241629 1 1 0 0 0 0 1 1 1 0 1 1
586 875 0 0 1 -0.0908304 29.91771679 0 0 0 0 0 0 0 1 1 0 1 1
587 876 0 0 1 0.643219 46.81407655 0 0 0 0 2 0 1 0 0 1 0 0
588 877 0 0 1 0.137455 35.27179373 0 0 1 1 0 0 0 1 1 1 0 1
589 878 0 0 2 -0.153058 27.10558114 0 0 0 0 0 0 1 2 2 0 0 2
590 879 0 0 2 2.0468 106.886005 0 1 1 1 1 0 0 1 1 0 0 2
592 881 0 0 1 0.229074 45.08778056 0 0 2 2 0 1 0 1 1 0 0 1
596 882 0 0 2 1.08062 38.9118348 0 0 0 0 0 0 2 0 0 2 0 1
598 885 0 0 1 -0.923336 73.40414048 1 1 0 0 1 0 1 1 1 0 0 1
599 887 0 0 1 -1.14267 65.14516374 0 1 0 0 0 0 1 1 1 0 0 2
600 888 0 0 2 -1.74068 58.6152899 0 1 0 0 0 0 1 1 1 1 0 1
601 891 0 0 1 -0.380146 92.14682853 1 1 0 0 1 0 0 1 1 1 0 0
602 892 0 0 2 0.610335 88.06662536 0 1 1 1 1 1 1 1 1 1 0 1
603 894 0 0 1 -0.559946 90.68624735 1 1 0 0 1 0 0 1 1 1 0 1
604 895 0 0 2 0.0341016 89.15866143 0 1 0 0 0 0 2 1 1 1 0 0
605 898 0 0 2 -0.204047 64.47144063 0 1 0 0 1 0 0 2 2 0 0 2
609 901 0 0 1 0.00964969 88.69546579 0 1 1 1 0 0 1 0 0 1 0 1
610 904 0 0 1 -1.60064 56.71928344 0 1 0 0 0 0 2 0 0 1 0 0
611 906 0 0 1 -1.26477 36.81447221 0 1 0 0 0 0 1 0 0 2 0 0
612 907 0 0 1 -1.03999 61.99739585 1 1 0 0 1 0 1 0 0 2 0 0
613 908 0 0 1 -0.704578 72.94512262 0 1 0 0 0 0 1 1 1 0 0 1
615 911 0 0 2 -0.419168 53.84775474 1 1 1 1 2 1 1 1 1 0 0 1
616 912 0 0 2 -0.465999 87.62706146 0 1 0 0 1 0 1 0 0 0 0 1
618 913 0 0 1 -0.054708 102.0503948 1 1 0 0 1 0 0 0 0 1 0 0
620 915 0 0 2 -1.6438 47.50999676 0 1 0 0 2 0 1 2 2 0 0 2
621 916 0 0 1 0.953309 71.70706894 0 0 0 0 1 0 0 1 1 0 0 1
622 918 0 0 2 -0.749833 45.85561079 0 1 1 1 0 0 2 1 1 0 0 1
624 920 0 0 2 -2.05737 18.41408766 0 1 0 0 1 0 1 1 1 1 0 1
625 921 0 0 1 -0.431845 90.08586941 -999 1 0 0 0 0 0 0 0 1 0 1
626 922 0 0 2 0.556938 -999 1 1 0 0 0 0 1 1 1 1 0 1
627 924 0 0 1 -0.828901 74.19024241 0 1 1 1 0 0 1 1 1 1 0 1
628 926 0 0 2 -0.597981 64.98690009 0 1 0 0 1 0 1 1 1 1 0 0
629 930 0 0 2 -0.882716 67.49344418 0 1 0 0 1 0 0 1 1 0 0 1
630 931 0 0 1 0.330803 106.7762387 0 1 0 0 0 0 1 1 1 0 0 2
631 932 0 0 2 0.668747 108.1817276 0 1 0 0 1 0 0 0 0 0 1 0
632 934 0 0 1 0.221156 79.83346076 1 1 0 0 0 0 1 0 0 1 0 0
633 935 0 0 1 -0.409355 58.25511472 0 1 0 0 0 0 0 0 0 2 0 0
634 936 0 0 1 -0.270223 81.13624199 0 1 0 0 1 0 0 1 1 0 0 0
635 937 0 0 1 0.437501 109.6430482 1 1 2 2 1 2 1 0 0 0 1 0
636 939 0 0 1 0.45884 91.63195845 0 1 0 0 0 0 0 1 1 0 1 1
639 941 0 0 1 -0.503624 89.54139646 0 1 0 0 1 0 0 0 0 1 0 1
640 942 0 0 2 -0.696357 60.12197785 0 1 0 0 0 0 2 1 1 1 0 1
641 947 0 0 1 -0.356737 101.7362976 0 1 0 0 1 0 1 0 0 1 0 0
642 948 0 0 1 1.02031 109.7032472 0 1 0 0 0 0 2 2 2 0 0 1
645 949 0 0 2 0.832535 114.213478 1 1 1 1 0 0 1 2 2 0 0 2
646 952 0 0 1 1.0422 102.3216944 0 1 0 0 1 0 0 0 0 0 0 1
647 955 0 0 2 1.16014 100.3487437 0 1 0 0 0 0 2 2 2 0 0 2
648 957 0 0 2 2.34319 128.3805368 0 1 0 0 0 0 2 2 2 0 0 2
650 958 0 0 2 0.242302 87.33370832 0 1 0 0 1 0 2 2 2 0 0 2
651 960 0 0 2 1.04664 83.49150588 0 1 0 0 1 0 1 1 1 1 0 1
652 964 0 0 2 -2.57998 42.02107436 0 1 0 0 2 0 0 0 0 2 0 0
653 967 0 0 1 -1.38209 56.45385122 0 1 0 0 0 1 0 0 0 0 0 1
654 971 0 0 2 -0.19486 85.70195492 0 1 0 0 0 0 1 0 0 1 1 0
655 972 0 0 2 0.384299 91.58254868 0 1 1 1 2 1 2 0 0 0 0 0
656 973 0 0 2 -1.36883 54.50110641 0 1 0 0 1 0 1 0 0 0 1 0
657 976 0 0 1 -0.0753376 89.58417386 0 1 0 0 0 0 1 2 2 0 0 1
658 979 0 0 1 -0.45028 67.78312706 0 1 0 0 0 0 0 2 2 0 0 1
659 982 0 0 2 -0.884617 70.68598011 1 1 0 0 1 0 0 1 1 0 0 1
661 984 0 0 1 -0.470305 74.01141274 0 1 0 0 1 0 1 1 1 1 0 1
663 985 0 0 1 -1.38544 60.90008458 1 1 0 0 1 0 1 1 1 1 0 1
665 986 0 0 2 1.87946 110.9191473 0 1 1 1 0 1 1 1 1 0 1 1
666 988 0 0 2 -0.770444 77.03402848 1 1 1 1 0 0 1 0 0 1 0 1
667 990 0 0 1 -1.59602 58.46251395 0 1 0 0 0 0 2 2 2 0 0 2
668 992 0 0 1 0.189618 90.63712961 0 1 0 0 1 0 0 0 0 1 1 0
669 993 0 0 1 -1.20679 39.65315148 0 1 1 1 1 0 1 1 1 0 0 1
670 995 0 0 1 0.509475 60.91343129 0 0 1 1 2 0 0 0 0 1 0 0
671 996 0 0 1 0.96554 47.41632583 0 0 0 0 1 0 1 0 0 2 0 0
673 998 0 0 1 -0.0779184 56.61586848 0 1 0 0 1 0 1 0 0 1 0 2
674 1002 0 0 1 0.717833 40.5721435 0 0 0 0 0 0 2 2 2 0 0 1
678 1005 0 0 1 -0.276902 34.3076819 0 1 1 1 0 1 1 2 2 0 0 1
679 1007 0 0 1 -0.478945 38.96019174 0 1 1 1 0 0 1 1 1 1 0 2
680 1009 0 0 2 -0.0250914 77.98136666 0 1 1 1 0 0 1 2 2 0 0 2
681 1010 0 0 2 1.77072 89.7752973 1 1 0 0 1 0 2 1 1 0 0 1
686 1012 0 0 1 1.49029 90.18329242 0 1 0 0 0 0 1 2 2 0 0 2
687 1013 0 0 1 0.641637 93.57712628 1 1 0 0 0 0 2 2 2 0 0 2
688 1014 0 0 1 1.19357 99.68700263 0 1 0 0 0 1 1 1 1 0 1 1
689 1017 0 0 1 -1.04442 39.53382411 0 1 0 0 1 0 0 0 0 0 0 0
690 1018 0 0 2 0.519756 35.03120331 0 0 1 1 0 0 1 0 0 1 1 0
691 1020 0 0 1 -0.684925 67.54791507 0 1 0 0 0 0 1 2 2 0 0 2
693 1021 0 0 2 -0.132262 95.06180387 0 1 2 2 0 0 0 1 1 0 0 2
694 1023 0 0 1 -2.28694 65.44839399 0 1 0 0 0 0 1 1 1 0 0 1
695 1026 0 0 1 -1.63885 62.5781297 1 1 0 0 1 0 1 1 1 0 0 2
696 1027 0 0 2 -0.0947069 101.724301 1 1 1 1 1 1 0 0 0 0 1 1
697 1028 0 0 1 -1.87946 50.96753664 1 1 0 0 0 0 2 1 1 1 0 1
698 1029 0 0 2 -0.201421 86.22601063 1 1 0 0 1 0 1 1 1 1 0 1
699 1030 0 0 2 0.149154 104.7861293 0 1 0 0 1 0 1 0 0 1 0 0
700 1031 0 0 2 -1.52229 52.78921471 1 1 0 0 0 0 2 2 2 0 0 2
701 1032 0 0 2 -0.724508 88.56070622 1 1 0 0 1 0 1 1 1 0 0 0
702 1033 0 0 1 -0.50801 87.59053768 1 1 1 0 1 0 0 0 0 1 0 0
704 1034 0 0 1 -0.213252 113.0395337 0 1 0 0 0 0 0 1 1 0 1 2
705 1036 0 0 2 0.538998 109.2174028 1 1 0 0 1 0 0 1 1 1 0 0
706 1038 0 0 2 0.654335 103.4960706 0 1 0 0 0 0 2 2 2 0 0 2
707 1039 0 0 1 0.565976 108.6856854 0 1 0 0 2 0 1 0 0 1 0 0
709 1042 0 0 2 0.427612 119.6620727 0 1 0 0 0 0 1 0 0 1 1 0
710 1044 0 0 1 -0.640057 108.0538928 0 1 1 1 0 1 1 1 1 0 0 2
711 1048 0 0 1 -0.621221 89.96442575 0 1 0 0 1 0 2 0 0 1 1 0
712 1049 0 0 1 -0.192238 97.24509544 0 1 1 0 1 1 0 0 0 1 1 0
713 1050 0 0 2 -0.292981 90.54959706 0 1 1 1 0 1 1 1 1 0 1 1
715 1056 0 0 2 1.25623 80.98954581 1 1 0 0 0 0 0 0 0 1 0 0
716 1057 0 0 1 -0.51094 71.69128336 1 1 0 0 1 0 1 0 0 2 0 0
717 1059 0 0 2 -2.06817 38.67210018 0 1 0 0 1 0 0 1 1 0 0 1
719 1060 0 0 1 -1.31197 71.57560119 1 1 0 0 0 0 0 1 1 1 0 0
720 1062 0 0 1 0.035389 94.57251326 0 1 0 0 1 0 0 0 0 0 0 0
721 1063 0 0 2 -1.15012 49.75838049 0 1 0 0 2 0 0 0 0 1 0 1
723 1066 0 0 2 -1.87198 57.19012672 0 1 0 0 1 0 1 0 0 0 0 0
724 1069 0 0 1 0.754955 56.54209668 0 0 0 0 0 0 0 2 2 0 0 2
725 1070 0 0 1 -0.0882468 95.80104753 0 1 1 1 0 0 1 0 NA 0 0 0
726 1073 0 0 2 -1.93495 50.40826418 0 1 0 0 0 0 2 0 0 1 0 0
727 1074 0 0 1 0.71119 67.2629167 -999 0 0 0 0 1 0 0 0 1 0 1
728 1075 0 0 2 -0.839835 56.91922607 0 1 0 0 1 0 0 1 1 0 0 1
729 1077 0 0 1 -0.0727573 17.7090647 0 0 0 0 1 0 1 1 1 1 0 1
730 1078 0 0 1 -0.258233 53.99164181 0 1 1 1 0 1 1 1 1 0 1 1
731 1079 0 0 1 0.155662 48.70804096 0 1 0 0 0 0 1 2 2 0 0 1
733 1081 0 0 2 0.407957 44.33815231 1 0 0 0 0 0 1 1 1 0 0 1
734 1082 0 0 1 -0.0212306 50.98011696 0 1 0 0 2 0 0 0 0 0 0 0
735 1083 0 0 2 1.2534 74.88831718 0 1 0 0 0 0 2 2 2 0 0 2
736 1084 0 0 2 -0.225113 64.8422025 1 1 0 0 0 0 2 2 2 0 0 2
737 1086 0 0 1 -1.09223 32.93147531 0 1 0 0 0 0 0 1 NA 0 0 1
738 1087 0 0 1 0.385684 58.90297928 0 1 1 1 0 0 2 2 2 0 0 2
739 1088 0 0 2 -1.55594 57.41289807 1 1 0 0 1 0 0 0 0 1 0 0
740 1089 0 0 1 1.2999 110.1419586 0 1 1 1 0 0 1 2 2 0 0 1
741 1092 0 0 1 0.0663087 91.98530081 1 1 1 1 1 0 1 0 0 1 0 0
742 1096 0 0 1 0.219838 89.73163964 1 1 0 0 1 0 0 1 1 1 0 1
743 1097 0 0 1 -1.45232 65.63542045 0 1 0 0 1 0 1 0 0 1 0 0
744 1098 0 0 2 0.337606 59.35360797 0 0 0 0 0 0 0 1 1 1 0 1
745 1099 0 0 1 0.443172 45.10933553 0 0 1 1 0 1 1 1 1 0 1 2
747 1100 0 0 1 0.0572852 40.39819234 0 0 0 0 0 0 1 1 1 0 0 0
748 1101 0 0 1 0.40237 27.55693067 0 0 1 0 0 1 0 0 0 0 1 1
750 1102 0 0 1 0.644802 34.49801937 0 0 0 0 0 0 2 2 2 0 0 2
751 1104 0 0 2 0.564466 79.58909465 0 1 0 0 1 0 0 0 0 2 0 0
752 1106 0 0 2 0.836179 81.76768428 0 1 1 1 0 0 1 2 2 0 0 2
753 1107 0 0 2 0.791387 56.87772136 0 0 0 0 1 0 1 1 1 0 0 1
754 1108 0 0 2 0.239653 43.3376333 1 0 1 1 1 1 0 0 0 0 1 0
755 1112 0 0 1 0.655929 57.51347922 0 0 1 1 0 0 1 2 2 0 0 2
756 1113 0 0 1 -0.407957 61.69026646 0 1 1 1 0 1 1 1 1 0 0 1
758 1114 0 0 2 0.800217 85.95387163 1 1 0 0 0 0 1 1 1 1 0 0
761 1115 0 0 1 -0.0804997 70.65624293 0 1 0 0 0 0 1 0 0 1 0 0
762 1116 0 0 1 3.14372 126.3703325 0 1 0 0 0 0 0 1 1 0 0 1
763 1117 0 0 2 -0.988348 35.28277735 1 1 0 0 1 0 1 1 1 0 1 1
764 1119 0 0 1 0.675197 65.40914433 0 0 0 0 1 0 1 1 1 0 0 2
765 1122 0 0 1 0.955337 48.54518078 0 0 0 0 1 0 2 1 1 0 0 1
767 1123 0 0 1 0.693081 70.25819945 1 1 1 1 0 1 1 1 1 0 1 1
768 1124 0 0 2 0.0701775 60.37335982 1 1 0 0 1 0 1 0 0 2 0 0
769 1126 0 0 1 1.399 100.4988325 0 1 2 2 1 2 1 0 0 0 1 0
773 1127 0 0 1 0.21852 42.37175865 0 0 1 1 0 0 1 2 2 0 0 2
774 1129 0 0 2 -0.170004 73.25197253 0 1 0 0 2 0 0 0 0 1 0 0
775 1131 0 0 2 -0.657526 59.54955463 0 1 0 0 1 0 1 0 0 1 0 1
776 1134 0 0 1 0.200108 27.74652753 0 0 0 0 1 0 1 2 2 0 0 1
777 1137 0 0 2 1.72909 98.29195947 0 1 1 1 0 1 1 1 1 0 0 0
778 1138 0 0 1 -0.388458 16.35939623 0 0 1 1 1 1 0 0 0 0 1 0
780 1140 0 0 1 -0.233038 65.92409068 0 1 0 0 1 0 0 0 0 0 1 1
781 1141 0 0 1 0.303742 21.14436788 0 0 0 0 0 1 1 0 0 0 0 2
783 1143 0 0 1 0.686552 66.22007093 0 1 0 0 1 0 2 0 0 0 0 0
784 1144 0 0 1 0.0109364 79.6251356 0 1 1 1 1 0 0 1 1 0 0 2
785 1147 0 0 2 0.581142 106.1883906 0 1 0 0 1 0 0 1 1 1 0 1
786 1149 0 0 1 -0.591839 78.78714561 1 1 0 0 0 0 0 0 0 2 0 0
787 1150 0 0 2 -0.807325 75.7559368 1 1 0 0 0 0 0 1 1 0 0 2
788 1152 0 0 1 -2.01641 25.95092462 0 1 1 1 0 0 1 1 1 0 0 2
789 1153 0 0 2 0.271558 88.84196266 1 1 0 0 0 0 1 2 2 0 0 2
790 1154 0 0 1 -0.665532 84.59831288 0 1 0 0 0 0 1 0 0 1 0 0
791 1157 0 0 1 0.107639 97.51875493 0 1 0 0 0 0 2 2 2 0 0 2
792 1160 0 0 2 -1.34303 63.36594713 0 1 0 0 1 0 1 1 2 0 0 0
794 1162 0 0 1 0.37324 89.96498224 0 1 0 0 1 0 1 1 1 1 1 1
796 1165 0 0 2 0.0766279 84.05333395 0 1 0 0 2 0 0 1 1 1 0 2
797 1167 0 0 1 -0.341695 92.26988578 0 1 0 0 0 0 2 2 2 0 0 2
798 1169 0 0 1 0.929264 114.4368691 0 1 1 1 0 0 1 1 1 1 0 1
799 1170 0 0 1 -0.0675982 96.76257532 0 1 0 0 1 0 0 0 0 1 0 0
801 1172 0 0 2 0.380146 107.9793121 0 1 0 0 0 0 1 2 2 0 0 2
802 1173 0 0 1 -1.06916 90.35999699 0 1 0 0 0 0 1 1 1 1 0 1
803 1174 0 0 2 -0.95737 65.71676557 1 1 0 0 1 0 1 0 0 2 0 0
804 1175 0 0 2 2.32361 99.16820165 0 1 0 0 0 0 1 1 1 0 1 1
805 1180 0 0 1 0.00707639 92.34467864 0 1 0 0 2 0 0 0 0 2 0 0
806 1181 0 0 1 1.29393 119.6029656 0 1 1 1 0 0 0 1 NA 0 0 2
808 1182 0 0 2 0.939216 115.09883 0 1 0 0 0 0 0 0 0 0 1 2
810 1183 0 0 1 0.949263 123.515338 0 1 0 0 2 0 0 0 0 0 0 2
811 1184 0 0 2 -0.441753 78.01917415 0 1 0 0 1 0 0 1 1 0 1 1
812 1186 0 0 2 -1.22294 71.97681476 0 1 1 1 0 1 2 1 1 0 0 1
813 1188 0 0 2 0.665532 92.14937283 0 1 0 0 0 0 1 1 1 1 0 1
814 1189 0 0 1 0.490522 93.66489343 0 1 1 1 0 0 2 2 2 0 0 1
815 1192 0 0 1 -0.245616 93.0171685 0 1 0 0 1 0 1 0 0 1 0 0
816 1193 0 0 2 0.913528 97.34346902 0 1 0 0 0 0 2 2 2 0 0 2
818 1199 0 0 1 -0.721166 81.2804202 0 1 1 0 0 1 0 1 1 0 0 0
819 1200 0 0 1 0.860146 103.3967052 1 1 0 0 0 0 1 0 0 1 0 0
820 1201 0 0 1 -1.10398 69.78767361 0 1 1 1 1 1 2 1 1 0 0 1
821 1202 0 0 2 -0.717833 77.08984965 0 1 1 0 1 0 0 0 0 1 0 0
823 1203 0 0 1 -1.80245 60.98518328 0 1 0 0 0 0 1 2 2 0 0 1
824 1204 0 0 1 -1.33358 72.39857199 0 1 0 0 2 0 0 0 0 0 0 1
825 1206 0 0 2 0.0740474 94.45622451 1 1 1 1 0 1 1 1 1 0 1 0
826 1209 0 0 1 -0.183072 90.32369558 0 1 0 0 0 0 0 0 0 1 1 0
827 1210 0 0 2 0.84534 84.16224679 0 1 1 1 0 1 1 0 0 1 1 1
828 1212 0 0 1 -1.15512 68.64386825 0 1 0 0 0 0 1 1 1 0 1 1
829 1213 0 0 1 0.235683 102.7381281 0 1 0 0 1 0 1 0 0 2 0 0
831 1214 0 0 2 -0.321305 86.61904656 0 1 1 1 0 0 1 1 1 0 0 1
832 1218 0 0 1 1.2763 111.0909237 1 1 0 0 0 0 2 2 2 0 0 1
833 1220 0 0 2 -0.865747 82.62657226 0 1 0 0 0 0 1 1 1 1 0 1
835 1221 0 0 2 -0.951284 65.52313808 0 1 0 0 0 0 2 1 1 1 0 1
836 1222 0 0 1 -0.70293 70.15232506 0 1 0 0 0 0 1 1 1 0 0 0
837 1223 0 0 1 1.12312 100.0285977 0 1 1 1 1 0 1 1 1 0 0 2
838 1225 0 0 1 1.09926 112.4821802 0 1 0 0 1 0 1 2 2 0 0 2
839 1226 0 0 1 -0.509475 90.73981738 0 1 0 0 1 0 2 1 1 0 0 1
841 1228 0 0 1 0.647973 96.48060424 1 1 0 0 1 0 2 0 0 1 0 0
842 1229 0 0 2 -0.614992 74.1757111 1 1 1 1 1 0 1 1 1 0 0 1
843 1232 0 0 1 0.153058 95.82131378 0 1 1 0 0 1 1 0 0 1 1 0
844 1234 0 0 2 -1.399 67.49692259 1 1 0 0 1 0 1 0 0 1 0 0
846 1235 0 0 2 0.214568 91.91675943 1 1 0 0 0 0 2 2 2 0 0 2
847 1236 0 0 1 0.436086 102.0609541 0 1 0 0 0 0 2 2 2 0 0 2
848 1237 0 0 1 -0.777387 83.58185235 0 1 0 0 0 0 1 1 NA 0 0 0
849 1238 0 0 2 -1.02031 73.5135 0 1 0 0 0 0 0 1 1 1 0 1
850 1240 0 0 2 -0.222474 91.19850973 0 1 0 0 0 0 1 1 1 0 1 1
851 1242 0 0 1 -0.128369 94.02212564 1 1 0 0 1 0 0 0 0 1 0 1
852 1243 0 0 1 0.391234 97.55200261 0 1 0 0 0 1 1 0 0 1 1 0
853 1244 0 0 1 -1.20413 71.72710636 1 1 0 0 1 0 1 1 1 0 0 0
855 1248 0 0 1 -0.744729 83.76871152 0 1 0 0 1 0 0 0 0 2 0 0
856 1251 0 0 1 -1.85017 58.83093236 0 1 0 0 1 0 1 1 1 0 0 1
857 1252 0 0 1 -0.471743 83.1475524 0 1 0 0 2 0 0 0 0 2 0 0
859 1256 0 0 2 -1.10162 74.95296662 0 1 0 0 0 0 1 1 1 1 0 1
860 1257 0 0 1 -0.288954 91.13935441 0 1 0 0 0 0 2 0 0 1 0 0
861 1260 0 0 2 -0.86201 69.03639253 0 1 0 0 0 0 2 1 1 1 0 1
862 1261 0 0 2 0.413556 105.17197 0 1 0 0 0 0 1 1 1 1 0 1
863 1262 0 0 2 -0.387071 73.51998526 0 1 0 0 0 0 2 2 2 0 0 2
864 1264 0 0 2 -0.618103 75.82546886 0 1 1 1 0 0 0 1 1 0 1 1
865 1266 0 0 1 0.812684 105.5489405 0 1 0 0 0 0 2 0 NA 0 1 1
866 1267 0 0 1 1.30894 119.8694842 0 1 1 1 1 1 1 1 1 0 0 2
867 1269 0 0 2 0.00578975 86.26401975 0 1 0 0 0 0 1 1 1 0 0 0
869 1270 0 0 1 0.119293 45.82215757 0 0 0 0 0 0 0 0 0 0 2 0
870 1274 0 0 1 0.544958 102.4078119 1 1 0 0 1 0 2 1 1 0 0 0
871 1277 0 0 2 0.367728 89.11432024 0 1 0 0 0 0 1 1 1 0 1 1
872 1280 0 0 1 0.0328143 73.39853767 1 1 1 1 1 0 0 0 0 0 0 1
874 1283 0 0 2 -1.21483 52.48745308 0 1 1 1 0 1 0 0 0 0 1 0
875 1285 0 0 2 -2.00668 50.17067172 0 1 0 0 0 0 2 1 2 0 0 1
876 1286 0 0 2 0.0727573 33.19040792 0 0 0 0 0 0 1 2 2 0 0 1
879 1287 0 0 1 -0.0624409 70.10806799 0 1 0 0 0 0 1 1 1 0 0 0
880 1289 0 0 1 0.398188 45.89391415 0 0 0 0 1 0 1 1 1 0 0 1
881 1291 0 0 1 -0.103758 60.61476668 0 1 0 0 0 0 2 1 1 1 0 1
883 1292 0 0 1 0.262225 102.2052535 0 1 0 0 0 0 1 1 1 1 0 1
884 1294 0 0 2 -1.22023 54.84833727 0 1 1 1 0 0 1 2 2 0 0 2
886 1295 0 0 1 -0.173921 95.36366444 1 1 0 0 0 0 2 1 1 1 0 1
887 1296 0 0 2 -1.85735 42.40972706 0 1 0 0 2 0 1 0 0 0 0 1
888 1298 0 0 2 0.622783 106.4774156 0 1 0 0 1 0 1 1 1 1 0 1
890 1299 0 0 1 1.27052 113.0838503 0 1 0 0 1 0 1 2 2 0 0 2
892 1301 0 0 1 0.140053 98.8533177 0 1 0 0 1 0 2 1 1 1 0 1
894 1302 0 0 2 -0.647973 85.92275166 0 1 0 0 1 0 1 0 0 1 0 0
895 1304 0 0 1 -0.793148 82.26552957 0 1 1 1 2 1 1 0 0 0 0 1
896 1307 0 0 1 -1.32734 48.49624901 0 1 0 0 0 0 1 2 2 0 0 2
897 1309 0 0 1 -1.82921 56.83266403 0 1 1 0 1 1 0 0 0 1 1 0
900 1310 0 0 2 -0.0688878 51.66486633 0 1 0 0 0 0 2 2 2 0 0 1
901 1312 0 0 1 -0.96554 78.94808193 0 1 1 1 0 0 1 2 2 0 0 2
902 1313 0 0 1 -0.787873 20.96541246 0 1 0 0 0 0 1 1 1 0 1 1
904 1314 0 0 1 -0.512407 82.98423387 0 1 0 0 0 0 2 2 2 0 1 2
907 1315 0 0 1 1.12554 83.62829023 0 1 0 0 1 0 1 1 1 0 0 2
908 1317 0 0 1 -0.0959993 75.51812803 0 1 0 0 0 0 2 1 1 1 0 1
909 1319 0 0 2 1.95196 110.5783819 1 1 0 0 1 0 1 0 0 2 0 0
912 1321 0 0 1 0.058574 48.27128117 1 0 0 0 0 0 0 0 0 0 1 0
914 1322 0 0 1 -0.00192991 32.05737475 0 0 1 0 0 1 0 0 0 0 1 0
916 1323 0 0 1 -0.307787 68.40031672 1 1 0 0 0 0 1 1 1 1 0 1
917 1325 0 0 1 0.108933 73.78195974 0 1 0 0 1 0 0 2 2 0 0 1
919 1328 0 0 2 0.760098 95.57918173 0 1 1 1 1 1 2 1 1 0 1 1
920 1329 0 0 2 0.601061 52.87387063 0 0 0 0 0 0 1 2 2 0 0 2
922 1330 0 0 1 -0.491973 71.81952764 0 1 0 0 1 0 1 0 0 0 0 1
923 1331 0 0 1 0.758381 94.32812169 1 1 0 0 0 0 1 1 1 1 0 1
924 1332 0 0 2 0.796677 82.7294634 1 1 1 1 1 0 1 1 1 1 0 1
925 1334 0 0 2 -0.789629 50.12552155 1 1 0 0 1 0 1 2 2 0 0 2
926 1335 0 0 2 -0.843502 73.7319327 0 1 0 0 0 0 2 2 2 0 0 2
927 1336 0 0 1 0.310486 39.96056108 0 0 0 0 0 0 1 1 1 1 0 1
928 1337 0 0 1 -0.451704 26.55039704 0 1 1 1 1 0 1 1 1 1 0 1
930 1339 0 0 2 -0.136156 50.50778013 0 1 0 0 0 0 0 0 0 2 0 0
931 1342 0 0 2 0.709534 84.27632459 0 1 0 0 0 0 1 0 0 1 0 1
932 1344 0 0 1 -0.0225175 42.09209558 0 0 0 0 1 0 0 2 2 0 0 1
933 1347 0 0 2 -1.01814 32.59554569 0 1 0 0 1 0 1 0 0 2 0 0
934 1348 0 0 1 -0.610335 28.59665775 1 1 0 0 1 0 1 1 1 0 0 2
935 1350 0 0 2 0.818066 24.44314825 -999 0 1 1 0 1 2 1 1 0 0 1
936 1353 0 0 1 0.70293 65.7289009 0 0 0 0 0 0 2 1 1 1 0 0
938 1354 0 0 1 1.29097 84.1751056 0 0 1 1 1 0 0 1 1 0 0 1
939 1359 0 0 2 -0.453129 61.19818071 1 1 0 0 0 0 2 2 2 0 0 2
940 1362 0 0 2 -1.75251 38.5028966 1 1 1 1 0 0 0 1 1 0 0 1
941 1363 0 0 2 -1.12796 48.836774 0 1 1 1 0 1 0 0 0 0 1 0
942 1364 0 0 1 0.941218 64.15952195 0 0 0 0 0 0 2 2 2 0 0 2
943 1365 0 0 2 -0.763537 37.32742876 -999 1 0 0 0 0 1 1 1 0 1 0
945 1367 0 0 2 1.17541 75.00141167 0 0 0 0 0 0 1 1 1 1 0 1
947 1369 0 0 2 1.97858 89.06116027 1 0 1 0 0 1 2 1 1 1 1 1
948 1371 0 0 2 -0.0714674 32.22369701 0 0 0 0 2 0 0 0 0 0 0 2
949 1374 0 0 1 0.865747 86.09785192 0 1 1 1 1 1 2 1 1 0 0 1
951 1377 0 0 1 0.233038 9.733515513 0 0 0 0 0 0 1 2 2 0 0 2
953 1378 0 0 2 -0.0147965 18.46740743 1 0 0 0 0 0 2 2 2 0 0 2
955 1379 0 0 2 0.209305 46.79280329 1 0 0 0 0 0 1 1 1 0 1 1
956 1380 0 0 1 -0.821667 52.97706061 0 1 0 0 1 0 1 1 1 1 0 1
957 1381 0 0 2 -0.255573 23.31359618 0 0 0 0 0 0 1 1 1 1 0 0
958 1382 0 0 1 0.487621 51.31716646 0 0 0 0 1 0 1 1 1 1 0 1
959 1383 0 0 1 0.123182 22.8631362 0 0 2 1 0 1 0 0 0 1 1 0
960 1386 0 0 1 0.627475 78.58861072 0 1 0 0 0 0 1 1 1 0 0 1
961 1388 0 0 2 0.377382 38.03646059 0 0 0 0 0 0 1 2 2 0 0 1
962 1390 0 0 2 0.739646 79.71565823 0 1 0 0 1 0 1 1 1 0 0 1
963 1391 0 0 1 0.935224 90.05975965 0 1 0 0 1 0 0 1 1 0 0 1
965 1394 0 0 2 0.996771 101.488755 0 1 0 0 1 0 1 0 0 1 0 0
966 1395 0 0 1 1.0074 101.9740166 0 1 0 0 1 0 1 1 1 1 1 1
967 1398 0 0 1 0.673581 62.90237182 0 0 1 1 0 0 1 2 2 0 0 1
968 1400 0 0 2 0.270223 81.04976641 0 1 0 0 0 0 1 1 1 1 0 1
969 1401 0 0 2 1.4377 81.00187367 0 0 0 0 1 0 0 1 1 1 0 1
970 1402 0 0 1 0.559946 67.11629983 0 1 0 0 0 0 1 0 0 0 0 2
971 1403 0 0 1 0.00450313 43.2047393 0 1 0 0 0 0 2 1 1 1 0 2
972 1404 0 0 1 -0.433258 56.19583456 0 1 0 0 1 0 0 2 2 0 0 2
973 1406 0 0 2 0.809109 65.96010374 0 1 0 0 0 0 2 2 2 0 0 2
975 1407 0 0 2 0.0753376 44.93448639 1 0 0 0 0 0 1 2 2 0 0 2
976 1408 0 0 1 1.1304 80.21438686 0 1 0 0 0 0 1 1 1 0 0 1
977 1410 0 0 1 -0.392623 18.5987985 0 0 0 0 2 0 0 1 1 0 0 0
978 1412 0 0 2 -0.0469784 42.52947299 0 0 0 0 0 0 2 2 2 0 0 2
979 1413 0 0 2 1.07832 94.81945083 0 1 0 0 0 0 0 0 0 1 1 0
980 1415 0 0 1 0.963492 86.40427121 0 1 0 0 0 0 1 0 0 1 0 0
981 1417 0 0 2 -0.378764 61.85565084 1 1 0 0 0 0 2 0 0 2 0 0
982 1418 0 0 1 -1.03778 51.6617492 1 1 0 0 0 0 2 0 0 2 0 0
984 1419 0 0 1 -0.394013 80.36535053 0 1 0 0 0 0 0 1 1 0 0 1
985 1420 0 0 1 0.880818 98.38236382 0 1 0 0 0 0 1 1 1 0 0 2
986 1423 0 0 1 -0.337606 69.29044328 0 1 0 0 0 0 0 0 0 1 0 1
987 1424 0 0 1 -0.0418269 86.52777878 0 1 0 0 1 0 1 1 1 0 0 2
988 1428 0 0 2 -1.0422 34.65544371 0 1 0 0 0 0 0 0 0 0 1 1
989 1429 0 0 2 -0.353997 28.85719231 0 1 0 0 0 1 1 0 0 0 1 0
990 1430 0 0 1 -0.625909 74.55497083 0 1 0 0 1 0 0 0 0 0 0 1
991 1433 0 0 1 -0.80199 41.69399653 0 1 0 0 1 0 1 0 0 0 0 0
992 1434 0 0 1 -0.911577 27.95554075 0 1 0 0 1 0 0 1 1 1 0 1
993 1438 0 0 2 0.0985847 61.50393931 0 1 1 0 1 1 0 0 0 1 1 0
995 1439 0 0 1 0.347156 95.30622677 0 1 1 1 0 0 2 1 2 0 0 2
996 1441 0 0 2 -0.691446 65.16433141 0 1 0 0 1 0 1 0 0 0 1 1
999 1443 0 0 2 0.0495546 64.80004826 0 1 1 1 0 1 0 0 0 0 1 0
1000 1444 0 0 1 -2.15148 -999 0 1 2 2 1 1 1 1 1 0 0 0
